
------------------------- 1st Record -------------------------

########################## TYPE = BK #########################
MAGIC = cdb0b3bc

------------------------- 2nd Record -------------------------
FNAME = MeRandom01

------------------------- 3rd Record -------------------------
CDATE = 20150724
MDATE = 20150724
AUTHOR = 

------------------------- 4th Record -------------------------
COMMEN = 

------------------------- 5th Record -------------------------
IRESTA = 0
NSTEP = 10000
MINIT = 100
MFINL = 10000
MINTV = 100

------------------------- 6th Record -------------------------
DT = 1.000000e-001
NSBLOC = 0
IENSEM = 2
ITEMP = 0
IPRES = 0
RCUT = 1.000000e+001

------------------------- 7th Record -------------------------
NATOM = 320
KMOL = 2
NUMMON = 21
NUMTHE = 6
NUMRSV = 0
NUMBLK = 3

------------------------- 8th Record -------------------------
(I = 1 to KMOL)
    I CHAMOL           IDYNAM NUMMOL NUMATM NUMBON KINDAT
    1 1_4_DHN               0     10     20     21      4
    2 benzene_PM5           0     10     12     12      2

------------------------- 9th Record -------------------------
(I = 1 to KMOL)
(J = 1 to NUMATM(I))
    I     J KINATM CHATOM          CMASS         CHARGE
    1     1      1 C 1    +1.201100e+001 -1.104000e-001
    1     2      2 C 2    +1.201100e+001 -1.968000e-001
    1     3      2 C 2    +1.201100e+001 -1.968000e-001
    1     4      1 C 1    +1.201100e+001 -1.103000e-001
    1     5      3 C R    +1.201100e+001 -5.950000e-002
    1     6      3 C R    +1.201100e+001 -1.645000e-001
    1     7      3 C R    +1.201100e+001 -1.557000e-001
    1     8      3 C R    +1.201100e+001 -1.557000e-001
    1     9      3 C R    +1.201100e+001 -1.645000e-001
    1    10      3 C R    +1.201100e+001 -5.950000e-002
    1    11      4 H      +1.008000e+000 +1.120000e-001
    1    12      4 H      +1.008000e+000 +1.120000e-001
    1    13      4 H      +1.008000e+000 +1.511000e-001
    1    14      4 H      +1.008000e+000 +1.511000e-001
    1    15      4 H      +1.008000e+000 +1.120000e-001
    1    16      4 H      +1.008000e+000 +1.120000e-001
    1    17      4 H      +1.008000e+000 +1.558000e-001
    1    18      4 H      +1.008000e+000 +1.561000e-001
    1    19      4 H      +1.008000e+000 +1.561000e-001
    1    20      4 H      +1.008000e+000 +1.558000e-001
    2     1      5 C R    +1.201100e+001 -1.560000e-001
    2     2      5 C R    +1.201100e+001 -1.560000e-001
    2     3      5 C R    +1.201100e+001 -1.560000e-001
    2     4      5 C R    +1.201100e+001 -1.560000e-001
    2     5      5 C R    +1.201100e+001 -1.560000e-001
    2     6      5 C R    +1.201100e+001 -1.560000e-001
    2     7      6 H      +1.008000e+000 +1.560000e-001
    2     8      6 H      +1.008000e+000 +1.560000e-001
    2     9      6 H      +1.008000e+000 +1.560000e-001
    2    10      6 H      +1.008000e+000 +1.560000e-001
    2    11      6 H      +1.008000e+000 +1.560000e-001
    2    12      6 H      +1.008000e+000 +1.560000e-001

------------------------- 10th Record -------------------------
(I = 1 to KMOL)
(J = 1 to NUMBON(I))
    I     J   ICB   JCB BK  
    1     1     1     2 1   
    1     2     2     3 2   
    1     3     3     4 1   
    1     4     4     5 1   
    1     5     5     6 AR  
    1     6     6     7 AR  
    1     7     7     8 AR  
    1     8     8     9 AR  
    1     9     9    10 AR  
    1    10     1    10 1   
    1    11     5    10 AR  
    1    12     1    11 1   
    1    13     1    12 1   
    1    14     2    13 1   
    1    15     3    14 1   
    1    16     4    15 1   
    1    17     4    16 1   
    1    18     6    17 1   
    1    19     7    18 1   
    1    20     8    19 1   
    1    21     9    20 1   
    2     1     1     2 AR  
    2     2     1     6 AR  
    2     3     1     7 1   
    2     4     2     3 AR  
    2     5     2     8 1   
    2     6     3     4 AR  
    2     7     3     9 1   
    2     8     4     5 AR  
    2     9     4    10 1   
    2    10     5     6 AR  
    2    11     5    11 1   
    2    12     6    12 1   

------------------------- 11th Record -------------------------
[Lattice Coordinate]
(I = 1 to KMOL)
(J = 1 to NUMMOL(I))
(K = 1 to NUMATM(I))
    I     J     K             X0             Y0             Z0
    1     1     1 -4.561543e-001 -4.830498e-001 -5.357568e-001
    1     1     2 -4.340152e-001 -5.229068e-001 -5.347761e-001
    1     1     3 -4.465729e-001 -5.551770e-001 -5.137359e-001
    1     1     4 -4.844486e-001 -5.557736e-001 -4.883485e-001
    1     1     5 -5.078066e-001 -5.162591e-001 -4.884126e-001
    1     1     6 -5.439169e-001 -5.137262e-001 -4.654522e-001
    1     1     7 -5.664950e-001 -4.778216e-001 -4.646123e-001
    1     1     8 -5.532870e-001 -4.438690e-001 -4.867504e-001
    1     1     9 -5.175925e-001 -4.460595e-001 -5.095696e-001
    1     1    10 -4.945532e-001 -4.821931e-001 -5.106215e-001
    1     1    11 -4.638924e-001 -4.756002e-001 -5.681770e-001
    1     1    12 -4.350844e-001 -4.585280e-001 -5.247455e-001
    1     1    13 -4.057806e-001 -5.239964e-001 -5.530943e-001
    1     1    14 -4.291163e-001 -5.839747e-001 -5.139952e-001
    1     1    15 -5.048105e-001 -5.807719e-001 -4.996149e-001
    1     1    16 -4.759839e-001 -5.636597e-001 -4.562114e-001
    1     1    17 -5.544547e-001 -5.404313e-001 -4.479398e-001
    1     1    18 -5.947613e-001 -4.761531e-001 -4.465127e-001
    1     1    19 -5.711251e-001 -4.153930e-001 -4.861306e-001
    1     1    20 -5.072915e-001 -4.191975e-001 -5.269827e-001
    1     2     1 -1.996566e-001 -5.298015e-001 +2.418937e-001
    1     2     2 -1.902775e-001 -5.116000e-001 +2.011455e-001
    1     2     3 -2.137980e-001 -4.842420e-001 +1.827042e-001
    1     2     4 -2.526527e-001 -4.681492e-001 +2.003332e-001
    1     2     5 -2.633642e-001 -4.856042e-001 +2.414134e-001
    1     2     6 -2.993582e-001 -4.723859e-001 +2.605773e-001
    1     2     7 -3.104721e-001 -4.876853e-001 +2.985512e-001
    1     2     8 -2.857264e-001 -5.164669e-001 +3.179575e-001
    1     2     9 -2.500430e-001 -5.297481e-001 +2.992515e-001
    1     2    10 -2.385381e-001 -5.144833e-001 +2.608825e-001
    1     2    11 -1.736296e-001 -5.233382e-001 +2.630424e-001
    1     2    12 -2.014973e-001 -5.637448e-001 +2.385810e-001
    1     2    13 -1.618249e-001 -5.225435e-001 +1.868410e-001
    1     2    14 -2.055327e-001 -4.716961e-001 +1.525646e-001
    1     2    15 -2.502725e-001 -4.341787e-001 +2.029376e-001
    1     2    16 -2.781079e-001 -4.746204e-001 +1.784976e-001
    1     2    17 -3.189747e-001 -4.496864e-001 +2.453845e-001
    1     2    18 -3.387544e-001 -4.771233e-001 +3.133133e-001
    1     2    19 -2.944701e-001 -5.286291e-001 +3.480422e-001
    1     2    20 -2.306196e-001 -5.524580e-001 +3.146747e-001
    1     3     1 +2.889076e-001 -4.658716e-001 -2.784562e-001
    1     3     2 +2.879622e-001 -4.896238e-001 -3.173743e-001
    1     3     3 +2.651628e-001 -5.226235e-001 -3.231156e-001
    1     3     4 +2.375305e-001 -5.402334e-001 -2.914014e-001
    1     3     5 +2.374440e-001 -5.172982e-001 -2.516402e-001
    1     3     6 +2.124142e-001 -5.314410e-001 -2.198433e-001
    1     3     7 +2.113567e-001 -5.112116e-001 -1.825704e-001
    1     3     8 +2.353408e-001 -4.764902e-001 -1.765279e-001
    1     3     9 +2.602155e-001 -4.622449e-001 -2.077998e-001
    1     3    10 +2.615098e-001 -4.824635e-001 -2.455766e-001
    1     3    11 +2.800297e-001 -4.335698e-001 -2.851066e-001
    1     3    12 +3.210225e-001 -4.651007e-001 -2.668567e-001
    1     3    13 +3.079090e-001 -4.777985e-001 -3.417919e-001
    1     3    14 +2.655359e-001 -5.391273e-001 -3.524686e-001
    1     3    15 +2.057299e-001 -5.411116e-001 -3.038274e-001
    1     3    16 +2.467532e-001 -5.726002e-001 -2.855730e-001
    1     3    17 +1.934420e-001 -5.588189e-001 -2.244694e-001
    1     3    18 +1.916310e-001 -5.225510e-001 -1.578384e-001
    1     3    19 +2.345515e-001 -4.604145e-001 -1.470251e-001
    1     3    20 +2.790839e-001 -4.348444e-001 -2.028922e-001
    1     4     1 -4.820148e-001 +2.125996e-001 +2.079757e-001
    1     4     2 -4.469589e-001 +2.382034e-001 +1.940038e-001
    1     4     3 -4.374139e-001 +2.741230e-001 +2.101415e-001
    1     4     4 -4.604986e-001 +2.935418e-001 +2.443389e-001
    1     4     5 -4.961074e-001 +2.688381e-001 +2.594627e-001
    1     4     6 -5.197657e-001 +2.844824e-001 +2.916046e-001
    1     4     7 -5.529574e-001 +2.627093e-001 +3.065662e-001
    1     4     8 -5.630005e-001 +2.249161e-001 +2.895915e-001
    1     4     9 -5.397827e-001 +2.091640e-001 +2.577730e-001
    1     4    10 -5.061855e-001 +2.309212e-001 +2.424298e-001
    1     4    11 -4.701240e-001 +1.820946e-001 +2.176968e-001
    1     4    12 -5.028285e-001 +2.070960e-001 +1.814613e-001
    1     4    13 -4.289295e-001 +2.251405e-001 +1.687405e-001
    1     4    14 -4.111839e-001 +2.918964e-001 +1.987311e-001
    1     4    15 -4.390083e-001 +2.991525e-001 +2.702838e-001
    1     4    16 -4.717228e-001 +3.241079e-001 +2.340256e-001
    1     4    17 -5.119591e-001 +3.142832e-001 +3.050902e-001
    1     4    18 -5.713099e-001 +2.752465e-001 +3.317727e-001
    1     4    19 -5.892821e-001 +2.076130e-001 +3.013959e-001
    1     4    20 -5.478219e-001 +1.793400e-001 +2.444768e-001
    1     5     1 +1.933396e-001 +2.390601e-001 -5.125784e-001
    1     5     2 +1.914631e-001 +1.993391e-001 -4.902536e-001
    1     5     3 +2.228452e-001 +1.831012e-001 -4.704230e-001
    1     5     4 +2.640527e-001 +2.024650e-001 -4.678869e-001
    1     5     5 +2.674116e-001 +2.425902e-001 -4.899252e-001
    1     5     6 +3.049663e-001 +2.632505e-001 -4.893326e-001
    1     5     7 +3.094788e-001 +3.004175e-001 -5.092790e-001
    1     5     8 +2.764623e-001 +3.175056e-001 -5.301412e-001
    1     5     9 +2.391670e-001 +2.973046e-001 -5.309125e-001
    1     5    10 +2.342866e-001 +2.597333e-001 -5.108591e-001
    1     5    11 +1.697120e-001 +2.600453e-001 -4.996244e-001
    1     5    12 +1.849370e-001 +2.336879e-001 -5.452440e-001
    1     5    13 +1.615951e-001 +1.838192e-001 -4.912371e-001
    1     5    14 +2.199148e-001 +1.536381e-001 -4.543779e-001
    1     5    15 +2.719765e-001 +2.071214e-001 -4.349934e-001
    1     5    16 +2.871594e-001 +1.807826e-001 -4.806378e-001
    1     5    17 +3.310967e-001 +2.498877e-001 -4.729154e-001
    1     5    18 +3.390517e-001 +3.163669e-001 -5.086306e-001
    1     5    19 +2.799664e-001 +3.469473e-001 -5.459644e-001
    1     5    20 +2.132084e-001 +3.109005e-001 -5.474108e-001
    1     6     1 -2.514424e-001 +1.909560e-001 -5.001473e-001
    1     6     2 -2.969140e-001 +1.876597e-001 -4.990734e-001
    1     6     3 -3.218378e-001 +2.195980e-001 -4.983648e-001
    1     6     4 -3.076125e-001 +2.629229e-001 -4.985536e-001
    1     6     5 -2.619807e-001 +2.677738e-001 -4.996478e-001
    1     6     6 -2.455508e-001 +3.073660e-001 -4.999205e-001
    1     6     7 -2.035595e-001 +3.133102e-001 -5.009229e-001
    1     6     8 -1.773343e-001 +2.797095e-001 -5.016715e-001
    1     6     9 -1.932854e-001 +2.404017e-001 -5.014094e-001
    1     6    10 -2.356686e-001 +2.340619e-001 -5.003958e-001
    1     6    11 -2.399243e-001 +1.747179e-001 -5.278981e-001
    1     6    12 -2.386162e-001 +1.745574e-001 -4.730717e-001
    1     6    13 -3.089364e-001 +1.562056e-001 -4.988933e-001
    1     6    14 -3.552621e-001 +2.155596e-001 -4.975795e-001
    1     6    15 -3.211566e-001 +2.787954e-001 -5.255919e-001
    1     6    16 -3.198188e-001 +2.785920e-001 -4.707664e-001
    1     6    17 -2.661198e-001 +3.339641e-001 -4.993320e-001
    1     6    18 -1.909892e-001 +3.444760e-001 -5.011264e-001
    1     6    19 -1.440576e-001 +2.843455e-001 -5.024667e-001
    1     6    20 -1.724793e-001 +2.139886e-001 -5.020000e-001
    1     7     1 +5.270632e-002 -1.994519e-002 -1.767859e-002
    1     7     2 +4.399873e-002 -1.643865e-002 -6.230551e-002
    1     7     3 +8.885590e-003 -3.048589e-003 -7.745569e-002
    1     7     4 -2.641575e-002 +1.023058e-002 -5.182512e-002
    1     7     5 -1.905677e-002 +7.256562e-003 -6.614572e-003
    1     7     6 -5.042947e-002 +1.905974e-002 +2.010608e-002
    1     7     7 -4.498826e-002 +1.682669e-002 +6.211819e-002
    1     7     8 -8.045300e-003 +2.742118e-003 +7.806090e-002
    1     7     9 +2.319472e-002 -9.012890e-003 +5.187901e-002
    1     7    10 +1.800745e-002 -6.877539e-003 +9.380928e-003
    1     7    11 +8.024045e-002 -1.107646e-003 -1.036638e-002
    1     7    12 +6.075649e-002 -5.237156e-002 -1.059100e-002
    1     7    13 +6.919169e-002 -2.590934e-002 -8.254290e-002
    1     7    14 +3.936781e-003 -1.021688e-003 -1.107049e-001
    1     7    15 -3.418517e-002 +4.253081e-002 -5.974857e-002
    1     7    16 -5.362285e-002 -8.750746e-003 -5.995653e-002
    1     7    17 -7.962459e-002 +3.018909e-002 +7.669282e-003
    1     7    18 -6.977797e-002 +2.615234e-002 +8.280306e-002
    1     7    19 -3.666061e-003 +9.477361e-004 +1.113335e-001
    1     7    20 +5.228321e-002 -2.010618e-002 +6.459474e-002
    1     8     1 -2.513240e-001 -5.641780e-002 +2.674235e-001
    1     8     2 -2.883901e-001 -6.759983e-002 +2.433249e-001
    1     8     3 -3.086316e-001 -4.162668e-002 +2.197149e-001
    1     8     4 -2.969398e-001 +2.105533e-003 +2.142156e-001
    1     8     5 -2.597263e-001 +1.478933e-002 +2.379068e-001
    1     8     6 -2.462353e-001 +5.535600e-002 +2.347619e-001
    1     8     7 -2.119870e-001 +6.843593e-002 +2.561063e-001
    1     8     8 -1.906868e-001 +4.111079e-002 +2.809451e-001
    1     8     9 -2.037869e-001 +8.992780e-004 +2.842666e-001
    1     8    10 -2.383574e-001 -1.262553e-002 +2.628303e-001
    1     8    11 -2.255477e-001 -7.672124e-002 +2.579470e-001
    1     8    12 -2.573457e-001 -6.284887e-002 +3.004218e-001
    1     8    13 -2.982612e-001 -9.964883e-002 +2.463833e-001
    1     8    14 -3.358821e-001 -5.138246e-002 +2.025003e-001
    1     8    15 -2.915174e-001 +7.914660e-003 +1.809996e-001
    1     8    16 -3.232913e-001 +2.175136e-002 +2.235041e-001
    1     8    17 -2.629413e-001 +7.702034e-002 +2.152054e-001
    1     8    18 -2.016644e-001 +1.003053e-001 +2.534322e-001
    1     8    19 -1.635460e-001 +5.140510e-002 +2.978823e-001
    1     8    20 -1.868890e-001 -2.054630e-002 +3.038992e-001
    1     9     1 +2.872772e-001 -2.299217e-001 -4.117736e-002
    1     9     2 +2.630934e-001 -2.450446e-001 -7.676002e-002
    1     9     3 +2.280638e-001 -2.651181e-001 -7.333404e-002
    1     9     4 +2.083379e-001 -2.751540e-001 -3.346406e-002
    1     9     5 +2.316006e-001 -2.604974e-001 +3.292178e-003
    1     9     6 +2.155501e-001 -2.684249e-001 +4.224202e-002
    1     9     7 +2.360015e-001 -2.554539e-001 +7.707170e-002
    1     9     8 +2.728553e-001 -2.343315e-001 +7.347030e-002
    1     9     9 +2.889992e-001 -2.263317e-001 +3.506472e-002
    1     9    10 +2.685780e-001 -2.393077e-001 -3.210589e-004
    1     9    11 +2.911801e-001 -1.961219e-001 -4.414268e-002
    1     9    12 +3.185297e-001 -2.436307e-001 -4.253716e-002
    1     9    13 +2.764351e-001 -2.383673e-001 -1.069485e-001
    1     9    14 +2.113305e-001 -2.756717e-001 -1.005870e-001
    1     9    15 +1.770200e-001 -2.615374e-001 -3.298778e-002
    1     9    16 +2.044146e-001 -3.090205e-001 -3.138973e-002
    1     9    17 +1.864875e-001 -2.850776e-001 +4.523276e-002
    1     9    18 +2.231583e-001 -2.618263e-001 +1.074659e-001
    1     9    19 +2.891101e-001 -2.240258e-001 +1.010210e-001
    1     9    20 +3.180809e-001 -2.096613e-001 +3.237365e-002
    1    10     1 -3.003224e-002 -2.767106e-001 -2.067229e-001
    1    10     2 -6.737612e-002 -2.847944e-001 -2.316180e-001
    1    10     3 -7.133508e-002 -2.740652e-001 -2.704891e-001
    1    10     4 -3.895874e-002 -2.525383e-001 -2.943179e-001
    1    10     5 -7.195781e-004 -2.437521e-001 -2.704943e-001
    1    10     6 +3.156998e-002 -2.235979e-001 -2.902110e-001
    1    10     7 +6.748294e-002 -2.148483e-001 -2.693948e-001
    1    10     8 +7.165235e-002 -2.261381e-001 -2.284988e-001
    1    10     9 +3.987822e-002 -2.460952e-001 -2.087067e-001
    1    10    10 +3.462467e-003 -2.550766e-001 -2.294620e-001
    1    10    11 -1.807804e-002 -3.064445e-001 -1.949144e-001
    1    10    12 -3.883317e-002 -2.580844e-001 -1.794810e-001
    1    10    13 -9.221425e-002 -3.006669e-001 -2.153372e-001
    1    10    14 -9.957608e-002 -2.807316e-001 -2.875804e-001
    1    10    15 -3.098792e-002 -2.714857e-001 -3.215926e-001
    1    10    16 -5.174078e-002 -2.231406e-001 -3.061092e-001
    1    10    17 +2.841917e-002 -2.146328e-001 -3.224692e-001
    1    10    18 +9.261426e-002 -1.990340e-001 -2.851329e-001
    1    10    19 +1.000759e-001 -2.192383e-001 -2.119471e-001
    1    10    20 +4.330473e-002 -2.549402e-001 -1.764434e-001
    2     1     1 -2.429389e-001 +2.083576e-001 +5.434584e-003
    2     1     2 -2.428253e-001 +2.345346e-001 +3.902374e-002
    2     1     3 -2.498864e-001 +2.761769e-001 +3.358916e-002
    2     1     4 -2.570611e-001 +2.916423e-001 -5.434584e-003
    2     1     5 -2.571747e-001 +2.654654e-001 -3.902374e-002
    2     1     6 -2.501136e-001 +2.238231e-001 -3.358916e-002
    2     1     7 -2.373662e-001 +1.754922e-001 +9.723105e-003
    2     1     8 -2.371630e-001 +2.223290e-001 +6.982160e-002
    2     1     9 -2.497968e-001 +2.968368e-001 +6.009849e-002
    2     1    10 -2.626338e-001 +3.245078e-001 -9.723105e-003
    2     1    11 -2.628370e-001 +2.776710e-001 -6.982160e-002
    2     1    12 -2.502032e-001 +2.031632e-001 -6.009849e-002
    2     2     1 +2.406886e-001 -4.624140e-001 +2.322781e-001
    2     2     2 +2.103869e-001 -4.920280e-001 +2.365552e-001
    2     2     3 +2.196984e-001 -5.296141e-001 +2.542771e-001
    2     2     4 +2.593114e-001 -5.375860e-001 +2.677219e-001
    2     2     5 +2.896131e-001 -5.079719e-001 +2.634448e-001
    2     2     6 +2.803016e-001 -4.703859e-001 +2.457228e-001
    2     2     7 +2.333403e-001 -4.327498e-001 +2.182915e-001
    2     2     8 +1.791240e-001 -4.857364e-001 +2.259445e-001
    2     2     9 +1.957837e-001 -5.529866e-001 +2.576530e-001
    2     2    10 +2.666597e-001 -5.672503e-001 +2.817084e-001
    2     2    11 +3.208760e-001 -5.142636e-001 +2.740555e-001
    2     2    12 +3.042163e-001 -4.470134e-001 +2.423470e-001
    2     3     1 -5.003797e-001 -5.301086e-001 -3.011326e-002
    2     3     2 -5.205463e-001 -5.366731e-001 +6.814961e-003
    2     3     3 -5.201665e-001 -5.065645e-001 +3.692822e-002
    2     3     4 -4.996203e-001 -4.698914e-001 +3.011326e-002
    2     3     5 -4.794537e-001 -4.633269e-001 -6.814961e-003
    2     3     6 -4.798335e-001 -4.934355e-001 -3.692822e-002
    2     3     7 -5.006791e-001 -5.538708e-001 -5.387990e-002
    2     3     8 -5.367615e-001 -5.656158e-001 +1.219331e-002
    2     3     9 -5.360824e-001 -5.117450e-001 +6.607320e-002
    2     3    10 -4.993209e-001 -4.461292e-001 +5.387990e-002
    2     3    11 -4.632384e-001 -4.343842e-001 -1.219331e-002
    2     3    12 -4.639175e-001 -4.882549e-001 -6.607320e-002
    2     4     1 -5.307217e-001 +2.219762e-001 -2.408172e-001
    2     4     2 -5.249116e-001 +2.347919e-001 -2.810102e-001
    2     4     3 -4.941899e-001 +2.628157e-001 -2.901930e-001
    2     4     4 -4.692783e-001 +2.780238e-001 -2.591828e-001
    2     4     5 -4.750884e-001 +2.652081e-001 -2.189898e-001
    2     4     6 -5.058101e-001 +2.371843e-001 -2.098070e-001
    2     4     7 -5.549680e-001 +1.998590e-001 -2.335692e-001
    2     4     8 -5.445721e-001 +2.227894e-001 -3.054836e-001
    2     4     9 -4.896041e-001 +2.729304e-001 -3.219144e-001
    2     4    10 -4.450320e-001 +3.001410e-001 -2.664308e-001
    2     4    11 -4.554279e-001 +2.772106e-001 -1.945163e-001
    2     4    12 -5.103958e-001 +2.270696e-001 -1.780856e-001
    2     5     1 -2.779597e-001 -5.089324e-001 -2.191464e-001
    2     5     2 -2.386256e-001 -4.960304e-001 -2.091543e-001
    2     5     3 -2.106659e-001 -4.870980e-001 -2.400079e-001
    2     5     4 -2.220403e-001 -4.910676e-001 -2.808536e-001
    2     5     5 -2.613744e-001 -5.039696e-001 -2.908457e-001
    2     5     6 -2.893341e-001 -5.129020e-001 -2.599921e-001
    2     5     7 -3.000268e-001 -5.159822e-001 -1.947962e-001
    2     5     8 -2.296489e-001 -4.928975e-001 -1.769184e-001
    2     5     9 -1.796221e-001 -4.769154e-001 -2.321222e-001
    2     5    10 -1.999732e-001 -4.840178e-001 -3.052038e-001
    2     5    11 -2.703511e-001 -5.071025e-001 -3.230816e-001
    2     5    12 -3.203779e-001 -5.230846e-001 -2.678778e-001
    2     6     1 +1.783787e-004 -5.190294e-001 -4.619037e-001
    2     6     2 +3.510322e-002 -5.198097e-001 -4.862578e-001
    2     6     3 +3.492484e-002 -5.007802e-001 -5.243541e-001
    2     6     4 -1.783787e-004 -4.809705e-001 -5.380962e-001
    2     6     5 -3.510322e-002 -4.801903e-001 -5.137421e-001
    2     6     6 -3.492484e-002 -4.992197e-001 -4.756459e-001
    2     6     7 +3.185691e-004 -5.340479e-001 -4.318369e-001
    2     6     8 +6.280695e-002 -5.354437e-001 -4.754123e-001
    2     6     9 +6.248838e-002 -5.013958e-001 -5.435754e-001
    2     6    10 -3.185691e-004 -4.659521e-001 -5.681630e-001
    2     6    11 -6.280695e-002 -4.645562e-001 -5.245877e-001
    2     6    12 -6.248838e-002 -4.986041e-001 -4.564246e-001
    2     7     1 +2.766833e-001 +2.741235e-001 +2.279328e-002
    2     7     2 +2.479082e-001 +2.497142e-001 +4.253294e-002
    2     7     3 +2.212249e-001 +2.255906e-001 +1.973966e-002
    2     7     4 +2.233167e-001 +2.258764e-001 -2.279328e-002
    2     7     5 +2.520918e-001 +2.502858e-001 -4.253294e-002
    2     7     6 +2.787751e-001 +2.744094e-001 -1.973966e-002
    2     7     7 +2.977428e-001 +2.931628e-001 +4.078188e-002
    2     7     8 +2.462575e-001 +2.494887e-001 +7.610032e-002
    2     7     9 +1.985146e-001 +2.063259e-001 +3.531844e-002
    2     7    10 +2.022572e-001 +2.068372e-001 -4.078188e-002
    2     7    11 +2.537425e-001 +2.505113e-001 -7.610032e-002
    2     7    12 +3.014854e-001 +2.936741e-001 -3.531844e-002
    2     8     1 +2.608636e-001 +1.146813e-002 -2.104533e-001
    2     8     2 +2.313658e-001 -1.863502e-002 -2.165484e-001
    2     8     3 +2.205021e-001 -3.010316e-002 -2.560951e-001
    2     8     4 +2.391364e-001 -1.146813e-002 -2.895467e-001
    2     8     5 +2.686343e-001 +1.863502e-002 -2.834516e-001
    2     8     6 +2.794979e-001 +3.010316e-002 -2.439049e-001
    2     8     7 +2.694379e-001 +2.051954e-002 -1.792421e-001
    2     8     8 +2.166595e-001 -3.334190e-002 -1.901481e-001
    2     8     9 +1.972215e-001 -5.386144e-002 -2.609060e-001
    2     8    10 +2.305621e-001 -2.051954e-002 -3.207579e-001
    2     8    11 +2.833405e-001 +3.334190e-002 -3.098519e-001
    2     8    12 +3.027785e-001 +5.386144e-002 -2.390940e-001
    2     9     1 -2.832214e-001 -2.254030e-001 -5.102375e-001
    2     9     2 -2.548403e-001 -2.363394e-001 -5.400433e-001
    2     9     3 -2.216190e-001 -2.609363e-001 -5.298058e-001
    2     9     4 -2.167786e-001 -2.745970e-001 -4.897625e-001
    2     9     5 -2.451596e-001 -2.636606e-001 -4.599567e-001
    2     9     6 -2.783810e-001 -2.390637e-001 -4.701942e-001
    2     9     7 -3.094409e-001 -2.059904e-001 -5.183166e-001
    2     9     8 -2.586605e-001 -2.255582e-001 -5.716458e-001
    2     9     9 -1.992196e-001 -2.695678e-001 -5.533292e-001
    2     9    10 -1.905591e-001 -2.940096e-001 -4.816834e-001
    2     9    11 -2.413395e-001 -2.744418e-001 -4.283542e-001
    2     9    12 -3.007804e-001 -2.304322e-001 -4.466708e-001
    2    10     1 -3.719055e-002 +2.058591e-002 -5.025616e-001
    2    10     2 -2.379932e-002 +5.394265e-003 -4.651001e-001
    2    10     3 +1.339123e-002 -1.519165e-002 -4.625385e-001
    2    10     4 +3.719055e-002 -2.058591e-002 -4.974384e-001
    2    10     5 +2.379932e-002 -5.394265e-003 -5.348999e-001
    2    10     6 -1.339123e-002 +1.519165e-002 -5.374615e-001
    2    10     7 -6.654233e-002 +3.683300e-002 -5.045840e-001
    2    10     8 -4.258202e-002 +9.651513e-003 -4.375569e-001
    2    10     9 +2.396031e-002 -2.718149e-002 -4.329729e-001
    2    10    10 +6.654233e-002 -3.683300e-002 -4.954161e-001
    2    10    11 +4.258202e-002 -9.651513e-003 -5.624431e-001
    2    10    12 -2.396031e-002 +2.718149e-002 -5.670271e-001
[Real Coordinate]
(I = 1 to KMOL)
(J = 1 to NUMMOL(I))
(K = 1 to NUMATM(I))
    I     J     K             X0             Y0             Z0
    1     1     1 -1.486269e+001 -1.573901e+001 -1.745634e+001
    1     1     2 -1.414134e+001 -1.703766e+001 -1.742439e+001
    1     1     3 -1.455050e+001 -1.808911e+001 -1.673885e+001
    1     1     4 -1.578459e+001 -1.810855e+001 -1.591166e+001
    1     1     5 -1.654565e+001 -1.682106e+001 -1.591375e+001
    1     1     6 -1.772222e+001 -1.673853e+001 -1.516564e+001
    1     1     7 -1.845788e+001 -1.556867e+001 -1.513827e+001
    1     1     8 -1.802752e+001 -1.446240e+001 -1.585959e+001
    1     1     9 -1.686451e+001 -1.453377e+001 -1.660310e+001
    1     1    10 -1.611383e+001 -1.571110e+001 -1.663737e+001
    1     1    11 -1.511482e+001 -1.549629e+001 -1.851268e+001
    1     1    12 -1.417618e+001 -1.494003e+001 -1.709757e+001
    1     1    13 -1.322139e+001 -1.707316e+001 -1.802124e+001
    1     1    14 -1.398172e+001 -1.902741e+001 -1.674730e+001
    1     1    15 -1.644803e+001 -1.892305e+001 -1.627875e+001
    1     1    16 -1.550879e+001 -1.836549e+001 -1.486455e+001
    1     1    17 -1.806557e+001 -1.760865e+001 -1.459504e+001
    1     1    18 -1.937886e+001 -1.551430e+001 -1.454854e+001
    1     1    19 -1.860874e+001 -1.353458e+001 -1.583939e+001
    1     1    20 -1.652887e+001 -1.365854e+001 -1.717046e+001
    1     2     1 -6.505329e+000 -1.726231e+001 +7.881524e+000
    1     2     2 -6.199735e+000 -1.666925e+001 +6.553841e+000
    1     2     3 -6.966093e+000 -1.577786e+001 +5.952975e+000
    1     2     4 -8.232080e+000 -1.525352e+001 +6.527375e+000
    1     2     5 -8.581088e+000 -1.582224e+001 +7.865873e+000
    1     2     6 -9.753868e+000 -1.539156e+001 +8.490284e+000
    1     2     7 -1.011599e+001 -1.589005e+001 +9.727573e+000
    1     2     8 -9.309708e+000 -1.682783e+001 +1.035988e+001
    1     2     9 -8.147050e+000 -1.726056e+001 +9.750388e+000
    1     2    10 -7.772191e+000 -1.676320e+001 +8.500228e+000
    1     2    11 -5.657301e+000 -1.705172e+001 +8.570605e+000
    1     2    12 -6.565304e+000 -1.836827e+001 +7.773589e+000
    1     2    13 -5.272676e+000 -1.702582e+001 +6.087763e+000
    1     2    14 -6.696787e+000 -1.536908e+001 +4.970950e+000
    1     2    15 -8.154525e+000 -1.414667e+001 +6.612235e+000
    1     2    16 -9.061478e+000 -1.546436e+001 +5.815916e+000
    1     2    17 -1.039302e+001 -1.465195e+001 +7.995263e+000
    1     2    18 -1.103750e+001 -1.554591e+001 +1.020856e+001
    1     2    19 -9.594600e+000 -1.722411e+001 +1.134012e+001
    1     2    20 -7.514183e+000 -1.800051e+001 +1.025292e+001
    1     3     1 +9.413358e+000 -1.517931e+001 -9.072824e+000
    1     3     2 +9.382556e+000 -1.595321e+001 -1.034088e+001
    1     3     3 +8.639692e+000 -1.702843e+001 -1.052795e+001
    1     3     4 +7.739359e+000 -1.760221e+001 -9.494615e+000
    1     3     5 +7.736540e+000 -1.685492e+001 -8.199089e+000
    1     3     6 +6.921005e+000 -1.731573e+001 -7.163064e+000
    1     3     7 +6.886548e+000 -1.665660e+001 -5.948618e+000
    1     3     8 +7.668013e+000 -1.552528e+001 -5.751737e+000
    1     3     9 +8.478496e+000 -1.506114e+001 -6.770658e+000
    1     3    10 +8.520668e+000 -1.571991e+001 -8.001523e+000
    1     3    11 +9.124093e+000 -1.412683e+001 -9.289512e+000
    1     3    12 +1.045974e+001 -1.515419e+001 -8.694884e+000
    1     3    13 +1.003247e+001 -1.556791e+001 -1.113647e+001
    1     3    14 +8.651848e+000 -1.756616e+001 -1.148434e+001
    1     3    15 +6.703215e+000 -1.763082e+001 -9.899485e+000
    1     3    16 +8.039859e+000 -1.865680e+001 -9.304708e+000
    1     3    17 +6.302842e+000 -1.820777e+001 -7.313796e+000
    1     3    18 +6.243834e+000 -1.702607e+001 -5.142784e+000
    1     3    19 +7.642296e+000 -1.500150e+001 -4.790460e+000
    1     3    20 +9.093278e+000 -1.416836e+001 -6.610755e+000
    1     4     1 -1.570529e+001 +6.927047e+000 +6.776386e+000
    1     4     2 -1.456308e+001 +7.761284e+000 +6.321146e+000
    1     4     3 -1.425208e+001 +8.931639e+000 +6.846956e+000
    1     4     4 -1.500424e+001 +9.564352e+000 +7.961195e+000
    1     4     5 -1.616446e+001 +8.759442e+000 +8.453969e+000
    1     4     6 -1.693531e+001 +9.269174e+000 +9.501234e+000
    1     4     7 -1.801679e+001 +8.559750e+000 +9.988722e+000
    1     4     8 -1.834402e+001 +7.328350e+000 +9.435642e+000
    1     4     9 -1.758752e+001 +6.815106e+000 +8.398911e+000
    1     4    10 -1.649284e+001 +7.524010e+000 +7.898992e+000
    1     4    11 -1.531786e+001 +5.933114e+000 +7.093125e+000
    1     4    12 -1.638346e+001 +6.747725e+000 +5.912480e+000
    1     4    13 -1.397564e+001 +7.335660e+000 +5.498003e+000
    1     4    14 -1.339744e+001 +9.510742e+000 +6.475173e+000
    1     4    15 -1.430403e+001 +9.747165e+000 +8.806547e+000
    1     4    16 -1.536995e+001 +1.056028e+001 +7.625162e+000
    1     4    17 -1.668095e+001 +1.024016e+001 +9.940628e+000
    1     4    18 -1.861476e+001 +8.968246e+000 +1.081001e+001
    1     4    19 -1.920034e+001 +6.764570e+000 +9.820259e+000
    1     4    20 -1.784946e+001 +5.843363e+000 +7.965686e+000
    1     5     1 +6.299505e+000 +7.789198e+000 -1.670113e+001
    1     5     2 +6.238363e+000 +6.494983e+000 -1.597373e+001
    1     5     3 +7.260873e+000 +5.965912e+000 -1.532760e+001
    1     5     4 +8.603520e+000 +6.596836e+000 -1.524497e+001
    1     5     5 +8.712963e+000 +7.904216e+000 -1.596303e+001
    1     5     6 +9.936591e+000 +8.577383e+000 -1.594372e+001
    1     5     7 +1.008362e+001 +9.788383e+000 -1.659363e+001
    1     5     8 +9.007857e+000 +1.034516e+001 -1.727338e+001
    1     5     9 +7.792681e+000 +9.686954e+000 -1.729851e+001
    1     5    10 +7.633664e+000 +8.462785e+000 -1.664511e+001
    1     5    11 +5.529655e+000 +8.472952e+000 -1.627906e+001
    1     5    12 +6.025727e+000 +7.614158e+000 -1.776546e+001
    1     5    13 +5.265186e+000 +5.989307e+000 -1.600578e+001
    1     5    14 +7.165393e+000 +5.005928e+000 -1.480481e+001
    1     5    15 +8.861699e+000 +6.748554e+000 -1.417321e+001
    1     5    16 +9.356398e+000 +5.890364e+000 -1.566043e+001
    1     5    17 +1.078799e+001 +8.141990e+000 -1.540881e+001
    1     5    18 +1.104718e+001 +1.030805e+001 -1.657250e+001
    1     5    19 +9.122032e+000 +1.130444e+001 -1.778893e+001
    1     5    20 +6.946883e+000 +1.012994e+001 -1.783606e+001
    1     6     1 -8.192646e+000 +6.221840e+000 -1.629609e+001
    1     6     2 -9.674227e+000 +6.114439e+000 -1.626110e+001
    1     6     3 -1.048631e+001 +7.155071e+000 -1.623802e+001
    1     6     4 -1.002281e+001 +8.566710e+000 -1.624417e+001
    1     6     5 -8.536011e+000 +8.724766e+000 -1.627982e+001
    1     6     6 -8.000683e+000 +1.001478e+001 -1.628871e+001
    1     6     7 -6.632496e+000 +1.020846e+001 -1.632137e+001
    1     6     8 -5.778011e+000 +9.113660e+000 -1.634576e+001
    1     6     9 -6.297740e+000 +7.832910e+000 -1.633722e+001
    1     6    10 -7.678693e+000 +7.626342e+000 -1.630419e+001
    1     6    11 -7.817356e+000 +5.692762e+000 -1.720029e+001
    1     6    12 -7.774734e+000 +5.687534e+000 -1.541390e+001
    1     6    13 -1.006595e+001 +5.089583e+000 -1.625524e+001
    1     6    14 -1.157536e+001 +7.023490e+000 -1.621243e+001
    1     6    15 -1.046412e+001 +9.083877e+000 -1.712515e+001
    1     6    16 -1.042053e+001 +9.077249e+000 -1.533879e+001
    1     6    17 -8.670874e+000 +1.088142e+001 -1.626953e+001
    1     6    18 -6.222922e+000 +1.122392e+001 -1.632800e+001
    1     6    19 -4.693770e+000 +9.264712e+000 -1.637167e+001
    1     6    20 -5.619823e+000 +6.972304e+000 -1.635646e+001
    1     7     1 +1.717309e+000 -6.498659e-001 -5.760143e-001
    1     7     2 +1.433593e+000 -5.356139e-001 -2.030075e+000
    1     7     3 +2.895156e-001 -9.933093e-002 -2.523707e+000
    1     7     4 -8.606936e-001 +3.333388e-001 -1.688597e+000
    1     7     5 -6.209188e-001 +2.364376e-001 -2.155199e-001
    1     7     6 -1.643123e+000 +6.210157e-001 +6.551080e-001
    1     7     7 -1.465834e+000 +5.482574e-001 +2.023972e+000
    1     7     8 -2.621367e-001 +8.934531e-002 +2.543427e+000
    1     7     9 +7.557443e-001 -2.936633e-001 +1.690353e+000
    1     7    10 +5.867293e-001 -2.240880e-001 +3.056549e-001
    1     7    11 +2.614442e+000 -3.608999e-002 -3.377635e-001
    1     7    12 +1.979604e+000 -1.706401e+000 -3.450824e-001
    1     7    13 +2.254445e+000 -8.441933e-001 -2.689461e+000
    1     7    14 +1.282705e-001 -3.328925e-002 -3.607052e+000
    1     7    15 -1.113842e+000 +1.385764e+000 -1.946763e+000
    1     7    16 -1.747171e+000 -2.851220e-001 -1.953539e+000
    1     7    17 -2.594375e+000 +9.836387e-001 +2.498851e-001
    1     7    18 -2.273547e+000 +8.521110e-001 +2.697938e+000
    1     7    19 -1.194498e-001 +3.087970e-002 +3.627534e+000
    1     7    20 +1.703523e+000 -6.551115e-001 +2.104664e+000
    1     8     1 -8.188787e+000 -1.838238e+000 +8.713351e+000
    1     8     2 -9.396497e+000 -2.202578e+000 +7.928156e+000
    1     8     3 -1.005602e+001 -1.356305e+000 +7.158882e+000
    1     8     4 -9.675068e+000 +6.860372e-002 +6.979700e+000
    1     8     5 -8.462558e+000 +4.818746e-001 +7.751622e+000
    1     8     6 -8.022984e+000 +1.803642e+000 +7.649151e+000
    1     8     7 -6.907086e+000 +2.229820e+000 +8.344605e+000
    1     8     8 -6.213070e+000 +1.339496e+000 +9.153918e+000
    1     8     9 -6.639905e+000 +2.930081e-002 +9.262142e+000
    1     8    10 -7.766301e+000 -4.113724e-001 +8.563692e+000
    1     8    11 -7.348928e+000 -2.499777e+000 +8.404583e+000
    1     8    12 -8.384989e+000 -2.047779e+000 +9.788522e+000
    1     8    13 -9.718122e+000 -3.246817e+000 +8.027807e+000
    1     8    14 -1.094391e+001 -1.674174e+000 +6.597983e+000
    1     8    15 -9.498393e+000 +2.578801e-001 +5.897437e+000
    1     8    16 -1.053367e+001 +7.087156e-001 +7.282343e+000
    1     8    17 -8.567309e+000 +2.509522e+000 +7.011951e+000
    1     8    18 -6.570749e+000 +3.268205e+000 +8.257480e+000
    1     8    19 -5.328753e+000 +1.674911e+000 +9.705776e+000
    1     8    20 -6.089327e+000 -6.694517e-001 +9.901823e+000
    1     9     1 +9.360234e+000 -7.491445e+000 -1.341665e+000
    1     9     2 +8.572266e+000 -7.984188e+000 -2.501040e+000
    1     9     3 +7.430911e+000 -8.638234e+000 -2.389413e+000
    1     9     4 +6.788189e+000 -8.965231e+000 -1.090346e+000
    1     9     5 +7.546149e+000 -8.487680e+000 +1.072677e-001
    1     9     6 +7.023182e+000 -8.745979e+000 +1.376355e+000
    1     9     7 +7.689540e+000 -8.323351e+000 +2.511196e+000
    1     9     8 +8.890331e+000 -7.635126e+000 +2.393853e+000
    1     9     9 +9.416342e+000 -7.374472e+000 +1.142500e+000
    1     9    10 +8.750966e+000 -7.797264e+000 -1.046093e-002
    1     9    11 +9.487402e+000 -6.390161e+000 -1.438283e+000
    1     9    12 +1.037852e+001 -7.938119e+000 -1.385971e+000
    1     9    13 +9.006973e+000 -7.766623e+000 -3.484659e+000
    1     9    14 +6.885696e+000 -8.982099e+000 -3.277386e+000
    1     9    15 +5.767770e+000 -8.521567e+000 -1.074827e+000
    1     9    16 +6.660357e+000 -1.006869e+001 -1.022759e+000
    1     9    17 +6.076247e+000 -9.288567e+000 +1.473801e+000
    1     9    18 +7.271077e+000 -8.530979e+000 +3.501518e+000
    1     9    19 +9.419955e+000 -7.299342e+000 +3.291525e+000
    1     9    20 +1.036390e+001 -6.831310e+000 +1.054817e+000
    1    10     1 -9.785281e-001 -9.015947e+000 -6.735568e+000
    1    10     2 -2.195289e+000 -9.279342e+000 -7.546714e+000
    1    10     3 -2.324282e+000 -8.929755e+000 -8.813236e+000
    1    10     4 -1.269377e+000 -8.228353e+000 -9.589639e+000
    1    10     5 -2.344572e-002 -7.942075e+000 -8.813406e+000
    1    10     6 +1.028632e+000 -7.285400e+000 -9.455828e+000
    1    10     7 +2.198769e+000 -7.000314e+000 -8.777582e+000
    1    10     8 +2.334619e+000 -7.368165e+000 -7.445084e+000
    1    10     9 +1.299336e+000 -8.018419e+000 -6.800204e+000
    1    10    10 +1.128161e-001 -8.311055e+000 -7.476466e+000
    1    10    11 -5.890294e-001 -9.984757e+000 -6.350818e+000
    1    10    12 -1.265285e+000 -8.409060e+000 -5.847957e+000
    1    10    13 -3.004579e+000 -9.796508e+000 -7.016245e+000
    1    10    14 -3.244447e+000 -9.146962e+000 -9.370116e+000
    1    10    15 -1.009667e+000 -8.845708e+000 -1.047832e+001
    1    10    16 -1.685849e+000 -7.270501e+000 -9.973830e+000
    1    10    17 +9.259703e-001 -6.993293e+000 -1.050688e+001
    1    10    18 +3.017612e+000 -6.485043e+000 -9.290367e+000
    1    10    19 +3.260732e+000 -7.143352e+000 -6.905787e+000
    1    10    20 +1.410980e+000 -8.306612e+000 -5.748984e+000
    2     1     1 -7.915580e+000 +6.788832e+000 +1.770728e-001
    2     1     2 -7.911879e+000 +7.641745e+000 +1.271495e+000
    2     1     3 -8.141947e+000 +8.998560e+000 +1.094422e+000
    2     1     4 -8.375716e+000 +9.502463e+000 -1.770728e-001
    2     1     5 -8.379417e+000 +8.649552e+000 -1.271495e+000
    2     1     6 -8.149349e+000 +7.292736e+000 -1.094422e+000
    2     1     7 -7.734006e+000 +5.717991e+000 +3.168040e-001
    2     1     8 -7.727386e+000 +7.244056e+000 +2.274969e+000
    2     1     9 -8.139028e+000 +9.671713e+000 +1.958165e+000
    2     1    10 -8.557290e+000 +1.057331e+001 -3.168040e-001
    2     1    11 -8.563910e+000 +9.047240e+000 -2.274969e+000
    2     1    12 -8.152268e+000 +6.619583e+000 -1.958165e+000
    2     2     1 +7.842257e+000 -1.506665e+001 +7.568223e+000
    2     2     2 +6.854952e+000 -1.603155e+001 +7.707583e+000
    2     2     3 +7.158343e+000 -1.725620e+001 +8.285008e+000
    2     2     4 +8.449039e+000 -1.751595e+001 +8.723073e+000
    2     2     5 +9.436344e+000 -1.655104e+001 +8.583713e+000
    2     2     6 +9.132954e+000 -1.532639e+001 +8.006288e+000
    2     2     7 +7.602831e+000 -1.410011e+001 +7.112504e+000
    2     2     8 +5.836324e+000 -1.582655e+001 +7.361857e+000
    2     2     9 +6.379140e+000 -1.801774e+001 +8.395001e+000
    2     2    10 +8.688464e+000 -1.848248e+001 +9.178791e+000
    2     2    11 +1.045497e+001 -1.675604e+001 +8.929438e+000
    2     2    12 +9.912156e+000 -1.456485e+001 +7.896295e+000
    2     3     1 -1.630367e+001 -1.727231e+001 -9.811680e-001
    2     3     2 -1.696075e+001 -1.748620e+001 +2.220491e-001
    2     3     3 -1.694837e+001 -1.650518e+001 +1.203217e+000
    2     3     4 -1.627892e+001 -1.531028e+001 +9.811680e-001
    2     3     5 -1.562185e+001 -1.509639e+001 -2.220491e-001
    2     3     6 -1.563422e+001 -1.607741e+001 -1.203217e+000
    2     3     7 -1.631342e+001 -1.804655e+001 -1.755547e+000
    2     3     8 -1.748908e+001 -1.842923e+001 +3.972895e-001
    2     3     9 -1.746696e+001 -1.667398e+001 +2.152836e+000
    2     3    10 -1.626917e+001 -1.453605e+001 +1.755547e+000
    2     3    11 -1.509351e+001 -1.415336e+001 -3.972895e-001
    2     3    12 -1.511564e+001 -1.590861e+001 -2.152836e+000
    2     4     1 -1.729229e+001 +7.232560e+000 -7.846448e+000
    2     4     2 -1.710298e+001 +7.650127e+000 -9.156040e+000
    2     4     3 -1.610199e+001 +8.563215e+000 -9.455240e+000
    2     4     4 -1.529030e+001 +9.058736e+000 -8.444848e+000
    2     4     5 -1.547961e+001 +8.641169e+000 -7.135255e+000
    2     4     6 -1.648060e+001 +7.728081e+000 -6.836056e+000
    2     4     7 -1.808230e+001 +6.511926e+000 -7.610291e+000
    2     4     8 -1.774357e+001 +7.259057e+000 -9.953449e+000
    2     4     9 -1.595257e+001 +8.892779e+000 -1.048881e+001
    2     4    10 -1.450030e+001 +9.779371e+000 -8.681005e+000
    2     4    11 -1.483902e+001 +9.032240e+000 -6.337847e+000
    2     4    12 -1.663002e+001 +7.398517e+000 -5.802490e+000
    2     5     1 -9.056648e+000 -1.658233e+001 -7.140357e+000
    2     5     2 -7.775041e+000 -1.616195e+001 -6.814788e+000
    2     5     3 -6.864040e+000 -1.587092e+001 -7.820079e+000
    2     5     4 -7.234647e+000 -1.600026e+001 -9.150938e+000
    2     5     5 -8.516255e+000 -1.642064e+001 -9.476507e+000
    2     5     6 -9.427256e+000 -1.671168e+001 -8.471217e+000
    2     5     7 -9.775651e+000 -1.681204e+001 -6.346966e+000
    2     5     8 -7.482557e+000 -1.605988e+001 -5.764461e+000
    2     5     9 -5.852554e+000 -1.553914e+001 -7.563143e+000
    2     5    10 -6.515645e+000 -1.577056e+001 -9.944330e+000
    2     5    11 -8.808738e+000 -1.652271e+001 -1.052684e+001
    2     5    12 -1.043874e+001 -1.704345e+001 -8.728153e+000
    2     6     1 +5.812042e-003 -1.691132e+001 -1.505002e+001
    2     6     2 +1.143754e+000 -1.693675e+001 -1.584354e+001
    2     6     3 +1.137942e+000 -1.631672e+001 -1.708482e+001
    2     6     4 -5.812042e-003 -1.567127e+001 -1.753257e+001
    2     6     5 -1.143754e+000 -1.564584e+001 -1.673905e+001
    2     6     6 -1.137942e+000 -1.626587e+001 -1.549778e+001
    2     6     7 +1.037981e-002 -1.740067e+001 -1.407037e+001
    2     6     8 +2.046413e+000 -1.744614e+001 -1.549017e+001
    2     6     9 +2.036033e+000 -1.633677e+001 -1.771110e+001
    2     6    10 -1.037981e-002 -1.518193e+001 -1.851222e+001
    2     6    11 -2.046413e+000 -1.513645e+001 -1.709243e+001
    2     6    12 -2.036033e+000 -1.624582e+001 -1.487150e+001
    2     7     1 +9.015059e+000 +8.931656e+000 +7.426641e-001
    2     7     2 +8.077493e+000 +8.136336e+000 +1.385833e+000
    2     7     3 +7.208082e+000 +7.350328e+000 +6.431692e-001
    2     7     4 +7.276237e+000 +7.359640e+000 -7.426641e-001
    2     7     5 +8.213803e+000 +8.154961e+000 -1.385833e+000
    2     7     6 +9.083214e+000 +8.940968e+000 -6.431692e-001
    2     7     7 +9.701233e+000 +9.552004e+000 +1.328779e+000
    2     7     8 +8.023706e+000 +8.128989e+000 +2.479546e+000
    2     7     9 +6.468122e+000 +6.722633e+000 +1.150766e+000
    2     7    10 +6.590064e+000 +6.739292e+000 -1.328779e+000
    2     7    11 +8.267590e+000 +8.162307e+000 -2.479546e+000
    2     7    12 +9.823174e+000 +9.568663e+000 -1.150766e+000
    2     8     1 +8.499614e+000 +3.736615e-001 -6.857113e+000
    2     8     2 +7.538496e+000 -6.071774e-001 -7.055708e+000
    2     8     3 +7.184531e+000 -9.808389e-001 -8.344242e+000
    2     8     4 +7.791683e+000 -3.736615e-001 -9.434182e+000
    2     8     5 +8.752801e+000 +6.071774e-001 -9.235587e+000
    2     8     6 +9.106766e+000 +9.808389e-001 -7.947053e+000
    2     8     7 +8.778986e+000 +6.685797e-001 -5.840172e+000
    2     8     8 +7.059328e+000 -1.086365e+000 -6.195517e+000
    2     8     9 +6.425989e+000 -1.754945e+000 -8.500993e+000
    2     8    10 +7.512310e+000 -6.685797e-001 -1.045112e+001
    2     8    11 +9.231968e+000 +1.086365e+000 -1.009578e+001
    2     8    12 +9.865307e+000 +1.754945e+000 -7.790303e+000
    2     9     1 -9.228087e+000 -7.344214e+000 -1.662486e+001
    2     9     2 -8.303359e+000 -7.700549e+000 -1.759601e+001
    2     9     3 -7.220921e+000 -8.501983e+000 -1.726245e+001
    2     9     4 -7.063209e+000 -8.947082e+000 -1.595773e+001
    2     9     5 -7.987936e+000 -8.590747e+000 -1.498658e+001
    2     9     6 -9.070376e+000 -7.789313e+000 -1.532014e+001
    2     9     7 -1.008239e+001 -6.711700e+000 -1.688810e+001
    2     9     8 -8.427830e+000 -7.349271e+000 -1.862570e+001
    2     9     9 -6.491090e+000 -8.783219e+000 -1.802890e+001
    2     9    10 -6.208910e+000 -9.579596e+000 -1.569450e+001
    2     9    11 -7.863467e+000 -8.942024e+000 -1.395689e+001
    2     9    12 -9.800205e+000 -7.508077e+000 -1.455369e+001
    2    10     1 -1.211764e+000 +6.707423e-001 -1.637476e+001
    2    10     2 -7.754436e-001 +1.757591e-001 -1.515417e+001
    2    10     3 +4.363209e-001 -4.949832e-001 -1.507070e+001
    2    10     4 +1.211764e+000 -6.707423e-001 -1.620783e+001
    2    10     5 +7.754436e-001 -1.757591e-001 -1.742842e+001
    2    10     6 -4.363209e-001 +4.949832e-001 -1.751189e+001
    2    10     7 -2.168122e+000 +1.200115e+000 -1.644065e+001
    2    10     8 -1.387433e+000 +3.144713e-001 -1.425674e+001
    2    10     9 +7.806892e-001 -8.856433e-001 -1.410738e+001
    2    10    10 +2.168122e+000 -1.200115e+000 -1.614194e+001
    2    10    11 +1.387433e+000 -3.144713e-001 -1.832586e+001
    2    10    12 -7.806892e-001 +8.856433e-001 -1.847521e+001

------------------------- 12th Record -------------------------
H0
+3.258259e+001 +0.000000e+000 +0.000000e+000
+1.995042e-015 +3.258259e+001 +0.000000e+000
+1.995108e-015 +1.995108e-015 +3.258259e+001

####################### Time Step Iteration #######################

######################### STEP = 1 #########################

######################### STEP = 2 #########################

######################### STEP = 3 #########################

######################### STEP = 4 #########################

######################### STEP = 5 #########################

######################### STEP = 6 #########################

######################### STEP = 7 #########################

######################### STEP = 8 #########################

######################### STEP = 9 #########################

######################### STEP = 10 #########################

######################### STEP = 11 #########################

######################### STEP = 12 #########################

######################### STEP = 13 #########################

######################### STEP = 14 #########################

######################### STEP = 15 #########################

######################### STEP = 16 #########################

######################### STEP = 17 #########################

######################### STEP = 18 #########################

######################### STEP = 19 #########################

######################### STEP = 20 #########################

######################### STEP = 21 #########################

######################### STEP = 22 #########################

######################### STEP = 23 #########################

######################### STEP = 24 #########################

######################### STEP = 25 #########################

######################### STEP = 26 #########################

######################### STEP = 27 #########################

######################### STEP = 28 #########################

######################### STEP = 29 #########################

######################### STEP = 30 #########################

######################### STEP = 31 #########################

######################### STEP = 32 #########################

######################### STEP = 33 #########################

######################### STEP = 34 #########################

######################### STEP = 35 #########################

######################### STEP = 36 #########################

######################### STEP = 37 #########################

######################### STEP = 38 #########################

######################### STEP = 39 #########################

######################### STEP = 40 #########################

######################### STEP = 41 #########################

######################### STEP = 42 #########################

######################### STEP = 43 #########################

######################### STEP = 44 #########################

######################### STEP = 45 #########################

######################### STEP = 46 #########################

######################### STEP = 47 #########################

######################### STEP = 48 #########################

######################### STEP = 49 #########################

######################### STEP = 50 #########################

######################### STEP = 51 #########################

######################### STEP = 52 #########################

######################### STEP = 53 #########################

######################### STEP = 54 #########################

######################### STEP = 55 #########################

######################### STEP = 56 #########################

######################### STEP = 57 #########################

######################### STEP = 58 #########################

######################### STEP = 59 #########################

######################### STEP = 60 #########################

######################### STEP = 61 #########################

######################### STEP = 62 #########################

######################### STEP = 63 #########################

######################### STEP = 64 #########################

######################### STEP = 65 #########################

######################### STEP = 66 #########################

######################### STEP = 67 #########################

######################### STEP = 68 #########################

######################### STEP = 69 #########################

######################### STEP = 70 #########################

######################### STEP = 71 #########################

######################### STEP = 72 #########################

######################### STEP = 73 #########################

######################### STEP = 74 #########################

######################### STEP = 75 #########################

######################### STEP = 76 #########################

######################### STEP = 77 #########################

######################### STEP = 78 #########################

######################### STEP = 79 #########################

######################### STEP = 80 #########################

######################### STEP = 81 #########################

######################### STEP = 82 #########################

######################### STEP = 83 #########################

######################### STEP = 84 #########################

######################### STEP = 85 #########################

######################### STEP = 86 #########################

######################### STEP = 87 #########################

######################### STEP = 88 #########################

######################### STEP = 89 #########################

######################### STEP = 90 #########################

######################### STEP = 91 #########################

######################### STEP = 92 #########################

######################### STEP = 93 #########################

######################### STEP = 94 #########################

######################### STEP = 95 #########################

######################### STEP = 96 #########################

######################### STEP = 97 #########################

######################### STEP = 98 #########################

######################### STEP = 99 #########################

######################### STEP = 100 #########################
